69[04 376 697 96 26
69[01 424 680 103 24
69[06 340 709 110 27
69[15 1077 1047 86 33
69[13 1273 96 101 35
69[08 300 722 111 29
69[12 1273 96 100 35
69[07 321 715 144 29
69[03 392 692 75 25
69[09 278 729 127 30
69[11 1273 96 100 35
69[17 191 1051 77 29
69[16 1077 1047 86 33
69[14 152 774 147 34
69[10 256 736 156 31
69[05 358 703 90 26
69[02 409 686 85 24
53[12 311 733 126 39
53[06 433 687 106 35
53[04 465 681 101 28
53[07 416 692 108 36
53[16 435 1000 96 42
53[05 449 688 104 28
53[03 480 676 99 27
53[01 508 661 121 49
53[09 377 709 115 35
53[14 259 755 133 42
53[08 397 703 112 33
53[10 357 715 118 38
53[17 435 1000 96 43
53[02 494 672 97 26
53[11 335 724 121 38
53[15 230 769 138 43
53[13 286 743 130 41
53[18 1424 967 103 39
56[24 232 760 117 36
56[20 291 731 114 35
56[07 468 672 79 28
56[17 332 715 111 33
56[25 218 767 116 39
56[23 247 752 117 37
56[14 387 701 91 32
56[18 318 720 113 34
56[02 514 654 74 27
56[08 1644 916 181 71
56[16 344 710 111 33
56[04 496 662 76 26
56[09 1348 977 92 39
56[13 399 697 90 31
56[19 304 724 114 36
56[11 424 688 86 30
56[03 505 658 75 26
56[01 522 652 73 25
56[10 435 684 85 30
56[12 412 692 87 31
56[26 199 775 119 41
56[21 1485 1050 77 30
56[15 356 705 110 33
56[05 488 665 76 27
56[22 262 742 116 38
56[06 478 668 77 28
41[11 336 770 144 50
41[15 180 842 171 62
41[04 513 696 111 39
41[07 1128 298 46 31
41[09 397 744 131 46
41[06 471 713 119 41
41[14 224 821 164 59
41[03 532 688 108 38
41[05 493 704 114 40
41[02 549 681 105 37
41[16 129 864 181 66
41[13 266 802 156 56
41[08 423 733 127 44
41[10 368 757 137 47
41[01 568 674 101 36
41[12 303 785 149 53
75[28 287 798 169 50
75[21 368 750 143 49
75[18 1077 1048 86 32
75[19 268 1015 243 65
75[16 419 728 126 47
75[07 1078 1048 85 32
75[23 349 761 146 49
75[30 671 1036 128 44
75[09 1077 1048 86 32
75[05 489 697 111 34
75[08 1077 1048 86 32
75[13 1078 1048 85 32
75[04 494 694 110 34
75[01 510 679 106 39
75[11 1077 1048 86 32
75[29 274 805 171 56
75[26 670 1036 129 44
75[12 1078 1048 85 32
75[14 1077 1048 86 32
75[20 1130 299 46 27
75[02 505 688 107 33
75[22 1066 299 123 33
75[27 300 791 165 50
75[24 360 1052 58 28
75[10 1077 1048 86 32
75[03 1077 1048 86 32
75[25 322 779 160 49
75[17 1078 1048 85 32
75[06 1078 1048 85 32
75[15 1079 300 71 28
79[01 512 673 113 37
79[20 194 846 124 37
79[03 497 684 117 38
79[11 380 735 129 46
79[12 352 743 142 46
79[02 500 679 116 37
79[15 301 768 142 50
79[04 476 690 127 39
79[18 53 1057 43 17
79[07 997 1050 83 28
79[16 278 778 147 50
79[13 342 751 136 47
79[09 1076 1047 87 33
79[10 997 1050 83 28
79[08 997 1050 83 28
79[17 1415 94 104 45
79[19 53 1057 43 17
79[14 322 760 139 48
79[06 458 702 115 41
79[05 471 696 114 40
79[21 166 849 127 51
51[12 1544 790 133 49
51[05 1413 729 112 39
51[07 1446 745 116 42
51[11 1522 781 130 47
51[13 1567 800 137 50
51[15 1617 821 146 54
51[01 1357 701 101 36
51[08 1464 754 119 43
51[06 1440 740 102 36
51[10 1502 771 126 46
51[16 1026 1054 69 26
51[09 1482 763 123 44
51[02 1370 708 104 36
51[04 1398 721 109 39
51[14 1591 810 142 52
51[03 1026 1054 72 26
77[19 61 772 154 54
77[09 337 679 112 40
77[11 294 692 119 42
77[07 376 665 106 38
77[18 96 758 148 52
77[13 245 708 127 45
77[01 473 631 91 33
77[16 161 737 138 48
77[14 219 716 131 48
77[17 130 747 142 49
77[04 428 646 98 35
77[06 394 658 103 37
77[02 459 635 93 34
77[03 443 640 96 35
77[12 270 700 123 44
77[08 357 672 109 39
77[15 191 724 135 48
77[05 411 652 101 36
77[10 316 686 116 41
50[03 1207 648 112 30
50[17 1461 749 153 42
50[23 113 664 111 39
50[14 1392 722 142 37
50[06 1249 662 119 31
50[11 1333 697 132 35
50[22 115 663 111 39
50[15 1415 731 145 38
50[12 1352 705 135 35
50[01 1181 641 109 29
50[16 1437 738 149 42
50[02 1194 644 110 30
50[05 1234 657 117 30
50[09 1297 681 127 33
50[18 1486 760 142 39
50[21 1571 796 154 44
50[07 1265 668 120 32
50[20 1541 782 149 43
50[19 1513 770 145 43
50[08 1281 674 124 33
50[13 1371 714 139 36
50[04 1220 652 115 30
50[10 1314 688 130 35
80[16 1434 658 120 31
80[24 1551 705 148 42
80[05 1321 611 96 26
80[08 1348 622 101 26
80[22 1518 691 141 39
80[04 1313 608 94 25
80[06 1330 615 97 25
80[12 1387 639 111 28
80[13 1398 644 109 29
80[02 1297 602 91 24
80[01 1290 599 89 24
80[14 1410 649 114 29
80[18 1460 666 126 33
80[10 1367 631 103 27
80[17 1447 662 123 32
80[07 1339 618 99 26
80[20 1488 681 134 34
80[11 1377 635 109 28
80[19 1474 672 128 33
80[23 1534 699 144 38
80[15 1421 653 118 31
80[21 568 975 83 34
80[03 1305 605 92 24
80[09 1357 626 103 27
68[14 1560 803 145 49
68[06 1414 748 132 41
68[02 1354 725 123 38
68[09 1463 768 138 44
68[12 1519 790 147 46
68[01 1324 721 132 37
68[07 1430 754 132 43
68[10 1481 776 131 44
68[03 1369 730 124 39
68[18 1652 831 161 54
68[11 1500 782 135 46
68[05 1399 741 122 41
68[16 1605 816 152 51
68[17 1628 823 156 53
68[08 1446 762 126 43
68[04 1384 736 122 39
68[13 1539 796 141 48
68[15 1582 810 158 50
60[13 1683 765 139 51
60[01 1501 699 111 41
60[02 1521 707 102 37
60[09 1622 742 118 44
60[04 1540 715 116 43
60[08 1607 737 115 43
60[11 1656 754 122 45
60[03 1534 712 104 38
60[12 1673 759 125 47
60[05 1562 722 108 39
60[07 1592 732 112 41
60[10 1639 748 119 44
60[06 1576 727 110 40
60[14 1710 774 131 48
43[20 1592 1047 123 33
43[22 1642 761 140 51
43[17 1537 717 120 44
43[19 1575 734 127 46
43[14 1486 696 111 40
43[07 1394 654 94 35
43[21 1619 751 135 50
43[04 1363 641 88 33
43[18 1556 725 123 45
43[01 1334 629 83 31
43[12 1457 682 105 38
43[13 1471 688 108 40
43[24 1593 1048 121 32
43[23 1667 775 134 49
43[11 1443 676 103 37
43[05 1373 645 90 34
43[15 1502 702 114 42
43[08 1406 658 96 36
43[09 1418 664 98 36
43[10 1430 670 101 36
43[02 1343 633 85 31
43[16 1519 710 117 43
43[03 1352 637 87 33
43[06 1383 650 92 34
73[01 1418 644 101 37
73[17 1659 738 145 50
73[05 1467 664 109 40
73[14 1604 714 134 49
73[07 1494 675 114 42
73[04 1454 660 107 38
73[13 1587 708 131 46
73[06 1480 670 111 40
73[12 1571 702 127 46
73[11 1554 696 125 46
73[02 1430 650 102 36
73[15 329 1026 69 33
73[03 1442 654 104 38
73[16 1640 727 141 51
73[10 1539 691 121 44
73[08 1508 680 116 43
73[09 1523 686 119 43
73[18 1678 744 148 54
67[06 510 785 136 42
67[17 258 696 76 30
67[12 449 812 144 45
67[01 565 770 127 38
67[16 258 696 76 30
67[02 555 773 128 39
67[11 258 697 76 29
67[07 499 790 138 42
67[05 522 782 134 41
67[19 258 696 76 30
67[09 475 800 140 43
67[03 544 776 130 39
67[14 258 696 76 30
67[04 533 779 131 40
67[13 258 697 76 29
67[10 462 806 141 44
67[15 258 696 76 30
67[18 258 696 76 30
67[20 575 766 125 39
67[08 487 794 138 43
47[17 1191 1044 98 36
47[20 170 729 144 51
47[14 319 686 121 43
47[02 511 625 92 33
47[04 486 633 95 35
47[10 394 664 110 39
47[07 443 648 101 36
47[05 472 638 97 35
47[09 412 658 106 38
47[15 1190 1044 99 36
47[19 1539 616 97 50
47[06 458 643 99 35
47[08 427 653 105 37
47[21 140 738 149 54
47[01 524 621 89 32
47[03 499 629 93 33
47[16 1190 1044 99 36
47[18 1190 1044 98 36
47[11 377 669 111 40
47[13 1190 1024 215 56
47[12 359 674 114 41
55[16 525 1049 73 31
55[15 1504 790 136 49
55[13 1440 757 124 44
55[10 1366 717 108 40
55[05 1278 675 88 33
55[17 1601 831 135 52
55[11 1399 730 101 40
55[08 1327 697 99 37
55[14 1470 773 129 46
55[04 1263 669 86 32
55[07 1309 689 95 35
55[03 1250 663 83 30
55[09 1346 707 103 38
55[06 1293 681 91 34
55[02 525 1049 73 31
55[01 1235 652 69 28
55[12 1425 743 105 42
55[18 1631 855 161 58
52[11 243 750 143 46
52[05 392 690 117 37
52[03 440 678 100 35
52[09 301 720 151 48
52[13 179 781 141 50
52[04 412 682 122 38
52[14 149 798 139 52
52[12 214 765 136 48
52[01 375 968 78 33
52[10 285 732 146 49
52[02 1115 1018 119 49
52[06 372 695 133 41
52[08 327 715 119 40
52[07 353 709 112 37
70[05 426 649 118 35
70[03 459 639 114 34
70[12 284 689 137 42
70[16 191 718 140 48
70[19 1077 1048 86 32
70[01 491 631 110 33
70[06 408 654 121 36
70[13 260 696 140 43
70[20 57 754 170 54
70[08 370 666 126 37
70[04 443 644 116 35
70[09 350 671 128 39
70[07 389 660 123 37
70[17 150 726 155 49
70[15 208 710 147 47
70[18 1077 1048 86 32
70[02 475 635 112 33
70[10 329 677 131 39
70[11 308 683 133 41
70[14 235 702 143 45
57[13 525 1048 73 32
57[01 525 1048 74 32
57[04 525 1048 74 32
57[20 1248 1019 112 45
57[07 271 1034 131 46
57[09 525 1048 74 32
57[06 250 1034 153 46
57[19 1590 804 131 40
57[12 525 1048 73 32
57[08 525 1048 74 32
57[17 1526 780 121 36
57[05 525 1048 74 32
57[11 525 1048 73 32
57[15 525 1048 73 32
57[18 1561 795 141 36
57[10 525 1048 73 32
57[14 525 1048 73 32
57[16 525 1048 73 32
57[02 525 1048 74 32
57[03 525 1048 74 32
57[21 1666 832 152 44
57[22 1708 846 163 48
76[04 213 721 134 48
76[11 99 762 153 54
76[13 59 777 162 56
76[02 243 710 129 47
76[01 258 705 127 45
76[08 150 742 145 51
76[06 181 731 140 49
76[05 197 726 137 49
76[03 228 715 132 48
76[12 78 769 159 55
76[10 117 755 150 53
76[09 134 748 147 53
76[07 166 737 142 50
63[13 1677 862 104 58
63[03 1358 732 123 40
63[12 1094 1019 156 61
63[05 215 1039 108 41
63[16 1298 714 113 31
63[15 1276 702 119 35
63[09 1321 1045 98 35
63[14 1262 700 108 29
63[01 1313 714 125 40
63[02 1337 724 119 38
63[07 526 1049 73 31
63[11 48 920 91 28
63[06 273 1049 86 31
63[04 479 1046 115 34
63[10 1469 1017 76 31
63[08 169 1040 94 40
62[04 1445 747 123 42
62[17 1581 795 149 51
62[01 1311 1020 104 38
62[18 1259 1039 91 38
62[14 1257 1029 114 48
62[05 1455 751 124 43
62[06 1464 755 126 43
62[10 1493 771 145 45
62[07 1467 758 135 44
62[12 1525 777 138 48
62[09 1483 767 143 45
62[16 1131 1026 131 38
62[15 336 1033 67 30
62[11 1514 773 136 47
62[08 1477 762 137 45
62[13 1536 780 140 49
62[19 1259 1038 91 39
62[03 1435 743 121 41
62[02 1426 739 120 40
54[13 390 1043 97 37
54[15 442 663 244 61
54[04 342 709 101 35
54[08 237 745 116 41
54[01 405 689 91 31
54[18 423 682 89 32
54[07 266 735 112 39
54[06 293 724 108 39
54[12 98 798 136 48
54[10 173 768 126 46
54[17 1746 1057 91 23
54[14 1746 1057 91 23
54[09 206 756 121 44
54[03 364 700 98 36
54[11 525 1049 73 31
54[05 318 716 104 38
54[16 457 670 83 31
54[02 360 725 154 33
61[19 789 965 160 49
61[23 789 965 185 55
61[02 903 1053 92 27
61[08 376 821 152 38
61[14 324 855 163 39
61[21 789 954 184 66
61[15 1213 212 70 21
61[11 903 1053 93 27
61[05 399 807 148 39
61[10 359 832 156 38
61[22 904 1053 69 27
61[20 789 965 160 49
61[13 334 853 151 35
61[01 836 1009 160 71
61[04 407 806 146 36
61[17 293 867 160 42
61[16 304 864 166 40
61[12 903 1053 93 27
61[07 384 817 150 37
61[06 391 811 149 38
61[09 367 825 153 39
61[03 414 805 144 34
61[18 360 872 93 35
78[11 1559 667 131 39
78[17 1686 707 153 50
78[07 1493 645 119 38
78[01 1410 619 106 32
78[04 1449 632 112 35
78[03 1436 628 110 34
78[06 1478 642 116 35
78[08 1509 652 122 36
78[16 1662 699 149 49
78[02 1423 624 108 32
78[13 1597 677 128 44
78[14 1618 683 140 47
78[09 1525 652 124 42
78[05 1463 638 115 34
78[12 1578 669 133 44
78[10 1542 661 118 39
78[15 1639 689 145 49
44[04 327 718 115 42
44[03 354 709 112 41
44[01 404 693 105 38
44[02 380 700 108 40
44[06 267 737 124 45
44[05 298 728 119 42
44[07 1076 1048 86 32
44[09 159 786 128 38
44[10 117 790 140 51
44[08 198 760 133 48
46[04 570 687 120 43
46[03 589 680 116 42
46[11 399 756 146 51
46[07 532 712 130 49
46[02 606 673 110 41
46[16 245 833 179 70
46[01 622 666 111 40
46[18 147 876 193 70
46[15 288 814 170 68
46[13 1683 729 199 93
46[10 428 744 143 49
46[14 327 797 164 65
46[17 198 853 185 67
46[08 508 722 136 47
46[09 483 732 140 51
46[06 529 704 126 45
46[19 90 933 103 42
46[05 550 695 124 44
46[12 397 768 151 54
49[10 247 722 136 48
49[09 272 714 132 46
49[12 193 740 145 51
49[14 131 763 157 55
49[08 295 706 128 45
49[11 221 731 140 49
49[01 430 660 105 38
49[13 163 752 151 52
49[15 97 777 163 56
49[07 317 699 125 43
49[02 413 666 108 39
49[04 377 678 114 41
49[03 395 672 112 40
49[06 338 691 121 43
49[05 358 684 118 42
58[04 1374 676 126 28
58[19 1656 778 141 50
58[09 1439 697 109 36
58[15 1554 742 126 42
58[02 1338 666 126 28
58[06 1401 685 101 29
58[20 1682 796 158 45
58[21 1724 811 154 44
58[07 1406 687 112 33
58[03 1351 671 105 28
58[12 1491 717 115 40
58[10 1453 705 120 36
58[18 1628 769 137 47
58[11 1469 713 124 36
58[01 1326 662 124 27
58[05 1387 680 99 29
58[16 1574 750 140 44
58[14 1528 733 133 41
58[13 1511 725 117 40
58[17 1602 759 133 45
58[08 1421 692 115 35
71[09 402 788 143 47
71[03 560 752 68 35
71[17 224 863 170 57
71[16 243 851 173 57
71[10 383 794 146 49
71[02 517 747 123 41
71[19 165 886 181 61
71[07 438 775 137 44
71[14 296 831 162 53
71[01 532 743 120 39
71[11 367 803 145 50
71[05 472 763 130 42
71[13 320 821 157 53
71[18 194 875 176 58
71[04 488 758 128 41
71[08 422 781 138 45
71[06 455 768 133 44
71[12 346 813 149 50
71[15 1423 602 193 62
45[23 111 756 151 50
45[12 359 683 118 34
45[21 164 740 143 47
45[10 391 671 114 32
45[18 235 720 132 41
45[15 304 703 126 35
45[13 335 689 119 35
45[19 212 725 137 45
45[08 416 656 114 34
45[11 376 677 115 33
45[22 138 748 147 48
45[01 515 622 115 32
45[03 491 630 119 33
45[17 257 714 129 39
45[20 189 732 139 46
45[05 439 642 127 32
45[09 407 666 111 31
45[04 478 634 121 34
45[02 503 626 117 33
45[07 411 651 132 34
45[16 277 707 127 39
45[06 451 643 126 36
45[14 323 697 123 34
64[05 382 976 80 26
64[07 1486 753 133 34
64[13 1642 811 158 47
64[01 40 915 100 34
64[08 1508 760 137 38
64[09 1346 1007 77 29
64[14 1673 823 164 49
64[06 1464 743 130 34
64[03 1405 721 121 29
64[11 1588 795 138 36
64[04 1424 727 124 32
64[10 1561 786 133 33
64[12 1616 805 142 39
64[15 1706 836 169 52
64[02 1389 713 110 30
65[12 630 992 216 88
65[24 1704 1037 85 29
65[16 1477 719 123 44
65[01 1303 638 62 30
65[04 1215 1025 136 55
65[18 1509 734 129 46
65[07 1215 1024 136 56
65[19 1526 742 133 47
65[22 1704 1037 85 29
65[05 1215 1024 136 56
65[11 630 992 216 88
65[03 1215 1024 136 56
65[20 1704 1037 85 30
65[23 1606 778 148 52
65[13 1704 1036 86 31
65[02 630 992 216 88
65[14 1447 705 117 42
65[10 1215 1024 136 56
65[21 1564 758 140 50
65[15 1462 713 120 42
65[25 1129 1051 65 24
65[17 1493 726 126 45
65[06 630 992 216 88
65[08 1215 1024 136 56
65[09 1215 1024 136 56
72[20 657 1027 143 53
72[06 1078 1048 85 32
72[09 1077 1048 86 32
72[04 1078 1048 85 32
72[08 1077 1048 86 32
72[05 1078 1048 85 32
72[14 60 1054 93 26
72[17 657 1027 143 53
72[13 60 1054 93 26
72[12 1077 1048 86 32
72[01 492 571 121 31
72[19 60 1054 93 26
72[02 1078 1048 85 32
72[03 1078 1048 85 32
72[15 60 1054 93 26
72[11 1077 1048 86 32
72[07 875 289 25 32
72[16 657 1027 143 53
72[18 657 1027 143 53
72[10 1077 1048 86 32
59[02 481 686 117 35
59[20 85 848 160 58
59[05 437 704 111 36
59[17 182 809 155 52
59[11 309 747 150 43
59[14 262 776 129 48
59[04 434 698 127 36
59[13 286 766 137 46
59[12 308 756 133 44
59[01 487 682 110 33
59[19 119 834 167 56
59[07 404 715 117 39
59[08 368 722 139 40
59[03 467 692 107 35
59[15 237 786 146 50
59[09 349 730 142 41
59[10 329 738 146 42
59[18 152 820 166 55
59[06 421 710 114 37
59[16 211 798 150 50
42[12 1526 679 116 37
42[21 1657 734 142 44
42[16 1579 702 126 40
42[02 1422 640 99 31
42[19 1624 721 134 42
42[20 1640 727 138 44
42[09 1482 664 120 36
42[07 1462 656 115 34
42[03 1163 1044 124 36
42[11 1504 673 124 37
42[08 1472 660 118 34
42[22 1675 741 145 45
42[10 1493 670 122 34
42[13 1529 684 128 37
42[14 1551 690 122 38
42[01 1414 636 96 31
42[23 1694 748 148 46
42[04 1163 1044 124 36
42[15 1565 696 124 39
42[06 1461 652 104 34
42[17 1593 708 129 41
42[05 1441 649 112 33
42[18 1608 715 132 41
66[13 1590 616 47 41
66[03 1705 1037 78 29
66[01 1589 1051 106 29
66[11 825 992 90 24
66[12 825 992 89 24
66[09 1190 1044 99 36
66[16 1590 616 47 41
66[14 61 1052 94 28
66[19 1590 616 47 41
66[15 1590 616 47 41
66[05 1078 1047 87 33
66[18 1590 616 47 41
66[17 1590 616 47 41
66[08 825 992 89 24
66[07 1190 1044 99 36
66[20 1590 616 47 41
66[06 1705 1037 84 29
66[04 1705 1037 78 29
66[10 825 992 90 24
66[21 323 1051 110 29
66[02 824 991 113 46
74[14 379 687 112 40
74[22 265 724 130 46
74[11 416 676 106 38
74[04 491 651 96 34
74[12 404 680 108 38
74[13 391 684 111 39
74[28 159 763 148 51
74[20 297 714 125 44
74[02 511 644 93 33
74[17 339 700 119 41
74[30 117 780 156 54
74[16 353 695 116 41
74[27 178 756 146 50
74[05 481 654 97 34
74[29 138 772 152 52
74[06 471 658 98 34
74[26 197 748 142 50
74[15 366 691 114 40
74[18 326 704 121 42
74[24 232 736 136 48
74[23 249 730 133 46
74[09 439 668 103 37
74[10 428 672 104 38
74[21 281 719 128 45
74[25 215 742 139 48
74[19 312 708 123 44
74[07 460 662 100 34
74[03 502 647 94 33
74[01 521 640 92 33
74[08 450 665 101 36
48[02 564 652 94 32
48[01 577 648 91 32
48[14 377 719 122 42
48[17 313 742 133 44
48[06 511 669 101 35
48[04 538 660 98 34
48[15 357 727 125 42
48[10 450 693 110 38
48[05 524 665 100 34
48[16 336 734 128 44
48[07 496 675 104 36
48[18 290 747 136 49
48[11 433 699 113 39
48[03 551 655 95 34
48[19 266 759 140 47
48[20 240 768 144 48
48[13 396 712 119 41
48[12 415 705 116 40
48[22 183 790 153 51
48[21 212 777 148 51
48[08 481 680 106 37
48[23 148 802 162 53
48[09 466 685 108 38
28[10 178 1050 91 30
28[15 178 1050 80 30
28[04 1705 1036 77 29
28[17 178 1050 80 30
28[08 350 727 134 45
28[05 826 991 87 25
28[01 1154 1038 167 42
28[02 1077 1046 86 34
28[09 178 1050 91 30
28[14 178 1049 90 31
28[11 291 749 143 49
28[06 178 1050 91 30
28[16 178 1050 80 30
28[12 178 1050 91 30
28[03 435 696 120 40
28[07 1154 1046 118 29
28[13 248 766 150 51
30[04 440 420 106 21
30[14 438 420 108 23
30[07 405 393 141 48
30[20 1693 755 163 61
30[01 439 420 107 21
30[15 437 420 109 23
30[10 440 420 106 23
30[16 1580 704 137 52
30[18 1614 720 145 54
30[03 440 420 106 21
30[17 1597 712 141 52
30[09 439 420 107 23
30[11 1504 675 122 47
30[02 440 420 106 21
30[12 1518 680 125 48
30[06 406 393 140 48
30[08 405 393 141 48
30[13 1533 686 128 48
30[05 440 420 106 21
30[19 1672 746 158 59
15[05 1410 704 122 37
15[16 1575 770 152 48
15[11 1492 735 136 42
15[08 1449 718 127 40
15[09 1462 723 132 40
15[01 1364 690 115 34
15[13 1523 749 141 43
15[14 1540 755 144 45
15[03 1387 697 118 35
15[07 1435 713 126 39
15[15 1557 762 148 46
15[18 1614 786 160 50
15[17 1594 778 155 48
15[12 1507 742 138 42
15[04 1398 700 120 36
15[19 1633 793 164 52
15[06 1423 708 123 39
15[02 1376 693 115 35
15[10 1477 729 134 41
39[04 903 1052 93 28
39[15 812 643 68 25
39[06 904 1052 92 28
39[14 815 642 67 24
39[18 804 649 69 26
39[19 801 651 70 27
39[08 829 633 62 24
39[17 807 647 69 26
39[11 1132 1026 88 37
39[03 811 624 117 37
39[16 810 645 68 25
39[05 904 1052 92 28
39[10 1132 1026 88 37
39[02 903 1052 93 28
39[07 831 632 62 23
39[13 845 953 104 46
39[20 798 654 71 26
39[09 904 1052 69 28
39[01 903 1052 93 28
39[12 1144 1026 83 37
k4[14 259 697 76 29
k4[12 288 921 194 67
k4[16 259 698 76 28
k4[11 259 697 76 29
k4[10 316 908 191 66
k4[06 419 866 175 60
k4[15 259 696 76 30
k4[05 260 696 75 30
k4[07 1423 603 176 45
k4[17 259 696 76 30
k4[13 259 697 76 29
k4[08 1423 603 170 45
k4[19 259 696 76 30
k4[03 260 696 75 30
k4[01 260 696 75 30
k4[02 260 696 75 30
k4[20 259 696 76 30
k4[09 1317 952 68 25
k4[18 259 696 76 30
k4[04 260 696 75 30
21[03 1383 649 108 28
21[16 1611 736 167 52
21[07 1235 1022 161 58
21[10 1480 687 139 38
21[05 1403 659 120 29
21[12 1519 697 146 46
21[11 1498 689 143 44
21[13 1550 706 141 46
21[01 1348 639 113 28
21[04 381 1010 181 70
21[14 1562 714 157 48
21[02 382 1010 179 70
21[09 1462 677 136 40
21[08 1446 671 132 37
21[15 1586 725 161 50
21[06 1414 659 126 36
16[05 1405 701 106 37
16[06 1413 705 107 37
16[02 1382 694 102 36
16[16 1498 735 123 43
16[15 1489 733 121 41
16[09 1437 713 111 39
16[08 1429 711 109 38
16[23 1561 762 144 48
16[24 1580 767 138 47
16[19 1131 1026 142 47
16[14 1480 729 120 41
16[11 1446 718 122 41
16[17 1500 739 132 44
16[01 1374 692 101 35
16[03 1390 697 102 35
16[20 415 1013 118 45
16[18 789 964 185 59
16[04 1398 699 104 36
16[10 1445 716 113 39
16[12 1462 723 116 39
16[21 1539 753 140 47
16[22 789 953 185 69
16[07 1421 708 108 37
16[13 1472 725 117 41
38[06 471 655 98 35
38[01 548 629 87 32
38[07 453 661 101 36
38[14 302 710 124 45
38[13 327 702 120 43
38[05 488 650 96 34
38[16 247 730 132 46
38[02 534 634 89 33
38[20 149 778 121 48
38[08 647 992 200 88
38[10 1128 1046 66 29
38[18 212 749 115 49
38[04 504 644 93 34
38[12 350 694 117 41
38[19 177 1051 81 29
38[17 217 740 137 48
38[03 519 640 92 32
38[09 416 673 106 38
38[15 275 720 128 45
38[11 373 686 113 41
13[01 1318 730 111 37
13[07 1382 756 122 41
13[14 1473 794 136 46
13[10 1419 774 127 43
13[13 1459 789 134 45
13[06 1371 750 119 40
13[08 1394 762 123 41
13[19 1549 812 149 51
13[11 1432 779 130 44
13[05 903 1053 93 27
13[21 1580 820 155 52
13[03 1338 736 115 39
13[20 1564 816 153 52
13[22 1597 826 158 53
13[15 1488 798 139 46
13[16 1503 801 141 48
13[02 1328 733 113 38
13[17 1518 805 144 49
13[18 1593 814 87 40
13[04 1349 740 116 40
13[12 1445 784 132 45
13[09 1406 768 126 42
k8[15 1613 770 132 46
k8[17 1642 779 137 47
k8[13 1584 762 128 44
k8[05 1475 728 113 40
k8[19 1671 788 142 49
k8[07 1502 737 116 40
k8[06 1488 733 115 39
k8[09 1529 746 120 40
k8[10 1542 750 122 42
k8[11 1556 754 124 42
k8[12 1570 758 126 43
k8[04 1461 725 111 38
k8[16 1628 774 134 47
k8[01 1424 714 106 37
k8[08 1515 741 118 41
k8[14 1598 766 130 44
k8[03 1449 721 109 38
k8[18 1657 784 139 48
k8[02 1436 718 108 37
31[04 399 650 100 36
31[13 271 691 121 43
31[02 424 640 95 35
31[15 237 704 127 45
31[03 412 645 97 35
31[01 436 636 94 34
31[12 286 686 119 43
31[05 387 654 101 37
31[10 317 677 113 40
31[06 374 660 102 37
31[14 254 698 124 43
31[17 200 717 134 47
31[20 140 738 145 51
31[08 346 668 108 39
31[16 219 710 130 46
31[11 302 681 116 42
31[22 96 757 153 53
31[23 71 766 159 55
31[19 161 730 141 50
31[21 118 748 150 51
31[18 181 724 137 48
31[09 331 672 111 40
31[07 360 664 106 38
20[06 1463 736 111 38
20[18 1636 797 139 47
20[17 1620 792 135 45
20[15 1587 780 131 44
20[05 1654 1056 71 24
20[10 1515 755 119 40
20[07 1654 1056 71 24
20[02 1416 721 104 35
20[13 1557 770 125 42
20[04 1439 728 107 37
20[09 1502 750 117 40
20[01 1405 718 102 34
20[08 1489 745 114 39
20[12 1542 766 123 41
20[03 1427 724 106 36
20[16 1604 786 132 44
20[14 1572 775 128 43
20[11 1529 760 120 41
32[15 382 689 129 45
32[21 249 736 155 54
32[12 434 670 120 42
32[10 465 660 114 39
32[16 363 696 133 46
32[22 222 747 160 55
32[09 480 654 111 39
32[08 494 649 109 38
32[02 1588 1045 127 35
32[25 1009 989 84 35
32[14 400 682 126 44
32[04 1289 1017 227 63
32[11 450 665 117 41
32[27 1009 989 83 35
32[20 275 727 150 53
32[06 521 639 103 37
32[13 418 677 122 42
32[18 321 711 141 49
32[26 292 1058 99 22
32[23 194 759 163 57
32[24 178 1050 80 30
32[05 533 634 102 36
32[01 439 420 107 21
32[03 557 627 97 34
32[07 1704 1036 78 29
32[19 299 718 145 51
32[17 343 703 137 48
18[15 307 798 133 53
18[21 255 822 143 56
18[12 331 791 128 51
18[19 274 814 140 55
18[22 245 826 145 57
18[17 291 806 136 53
18[09 353 783 124 49
18[10 346 786 126 49
18[18 282 810 138 54
18[14 315 796 131 51
18[08 361 780 122 49
18[01 409 758 114 45
18[13 323 793 130 52
18[11 339 788 127 50
18[02 402 761 115 47
18[04 388 768 117 47
18[06 374 774 120 48
18[05 380 772 119 47
18[07 367 777 121 49
18[16 299 802 135 53
18[20 265 818 141 56
18[03 395 765 116 46
17[03 368 754 164 51
17[05 353 760 156 52
17[13 287 802 147 42
17[14 275 805 151 43
17[16 274 811 137 44
17[07 339 766 164 53
17[19 245 821 142 45
17[06 337 777 143 39
17[20 235 824 144 47
17[17 265 814 138 44
17[18 255 816 140 46
17[11 319 794 129 42
17[22 214 832 148 51
17[08 333 784 135 39
17[12 311 799 130 41
17[02 374 752 153 50
17[10 328 790 127 42
17[04 372 758 136 50
17[09 326 787 136 41
17[21 225 828 146 48
17[01 380 748 162 50
17[15 271 808 148 43
29[13 1675 726 134 49
29[04 1507 664 105 37
29[12 1652 718 131 47
29[01 768 905 72 28
29[11 1630 710 127 46
29[06 1538 676 110 39
29[08 1572 688 116 41
29[07 1554 682 114 40
29[10 1610 702 123 44
29[03 1492 658 102 37
29[09 1591 695 120 42
29[05 1522 669 107 39
29[02 1478 654 100 35
k3[02 259 696 76 30
k3[04 259 698 76 28
k3[13 1316 952 69 25
k3[15 494 900 84 30
k3[03 259 698 76 28
k3[20 325 951 82 34
k3[14 1316 954 59 23
k3[17 460 918 87 32
k3[18 442 928 89 32
k3[16 477 908 86 31
k3[05 259 697 76 29
k3[06 259 698 75 28
k3[09 259 698 75 28
k3[12 1316 952 69 25
k3[11 259 696 75 30
k3[21 302 962 84 35
k3[08 259 697 75 29
k3[07 259 697 75 29
k3[01 259 696 75 30
k3[10 259 698 75 28
k3[19 422 937 91 33
27[19 654 1032 88 30
27[14 1540 702 126 43
27[15 1554 709 129 43
27[07 1450 672 111 37
27[01 1388 648 101 31
27[11 1499 689 119 39
27[10 1486 687 118 37
27[06 1439 668 109 35
27[08 1462 677 112 36
27[13 383 1011 175 69
27[20 1633 741 144 48
27[05 1427 664 108 34
27[17 1577 720 141 45
27[18 1600 726 137 46
27[04 1417 660 106 33
27[09 1474 681 115 38
27[21 1644 749 165 50
27[12 1512 694 122 40
27[02 1398 652 102 32
27[03 1407 656 105 32
27[16 1568 713 132 45
25[15 769 937 146 38
25[07 387 682 112 40
25[10 321 976 91 30
25[09 347 694 118 42
25[01 487 651 99 35
25[03 457 660 101 37
25[11 321 976 91 30
25[04 533 954 139 56
25[08 377 1049 43 29
25[16 769 938 146 37
25[14 769 937 147 39
25[17 769 938 146 37
25[06 405 677 110 39
25[12 280 714 126 44
25[05 423 672 107 37
25[13 769 937 147 39
25[02 472 656 100 35
k9[18 1301 953 100 42
k9[13 907 1052 89 28
k9[05 1080 1023 193 57
k9[15 907 1052 89 28
k9[19 789 953 185 66
k9[03 1130 1025 142 47
k9[12 907 1052 89 28
k9[11 907 1052 89 28
k9[01 1130 1024 143 56
k9[17 1301 953 100 42
k9[14 907 1052 89 28
k9[04 1130 1025 142 47
k9[10 907 1052 89 28
k9[16 1146 1025 116 46
k9[07 907 1052 89 28
k9[09 907 1052 89 28
k9[08 720 1032 122 41
k9[02 358 1011 175 69
k9[06 720 1032 122 41
19[05 410 761 184 54
19[13 296 812 135 46
19[15 265 815 158 56
19[03 434 756 146 48
19[14 280 810 155 54
19[07 378 778 126 48
19[12 310 795 210 57
19[10 338 789 173 53
19[01 1639 1055 87 25
19[09 1639 1056 86 24
19[06 384 771 166 49
19[11 325 790 206 57
19[02 1639 1055 87 25
19[18 214 843 148 51
19[16 248 831 144 47
19[17 232 837 145 49
19[04 415 760 155 49
19[08 348 782 163 49
26[17 114 807 161 56
26[02 540 656 98 35
26[06 456 683 109 39
26[07 432 690 113 41
26[14 373 617 222 83
26[09 382 707 121 43
26[12 296 737 134 47
26[16 156 788 156 55
26[03 520 662 101 36
26[08 408 698 116 41
26[15 194 773 150 53
26[01 559 650 95 34
26[05 478 675 107 39
26[11 327 725 128 47
26[13 265 748 138 49
26[10 355 715 125 45
26[04 500 668 103 37
10[12 263 764 140 49
10[14 216 782 146 52
10[01 449 690 132 38
10[18 105 848 137 39
10[07 351 726 138 43
10[09 313 741 157 45
10[15 192 799 126 45
10[08 333 734 140 43
10[13 240 773 143 50
10[04 403 708 139 39
10[03 419 702 127 39
10[06 372 720 132 41
10[05 386 714 132 40
10[11 271 756 150 48
10[16 162 806 156 54
10[17 1079 1049 83 31
10[02 434 696 135 38
10[10 293 749 146 45
11[06 530 808 131 50
11[20 1469 516 62 27
11[04 559 791 126 47
11[10 460 846 145 51
11[15 1006 864 117 37
11[07 513 816 135 51
11[11 439 852 149 55
11[14 828 368 102 40
11[17 1028 864 95 38
11[08 497 825 138 52
11[18 1469 516 61 27
11[03 572 782 124 48
11[09 1039 865 84 36
11[01 598 768 118 45
11[19 1469 516 62 27
11[13 1038 865 85 36
11[05 544 800 129 48
11[12 1039 865 84 36
11[16 1028 864 95 38
11[02 585 774 121 47
23[03 1343 645 105 29
23[10 1443 682 123 36
23[11 1461 690 126 37
23[13 1498 705 133 40
23[17 1585 742 150 45
23[06 1383 657 111 32
23[19 1637 766 159 49
23[20 1665 778 165 52
23[01 1190 580 80 19
23[15 1539 722 141 43
23[18 1610 753 155 48
23[02 1331 640 103 29
23[14 1518 714 137 41
23[08 1411 670 117 33
23[04 1356 649 107 30
23[07 1397 663 114 33
23[05 1369 653 109 31
23[16 1562 732 144 44
23[09 1427 675 119 35
23[12 1479 697 129 39
k5[10 431 676 87 33
k5[13 392 689 93 37
k5[09 442 671 86 34
k5[03 1541 993 89 30
k5[17 333 711 104 40
k5[15 363 700 98 38
k5[01 378 995 226 85
k5[14 378 694 96 38
k5[07 465 664 82 32
k5[08 454 668 84 32
k5[04 214 1039 126 41
k5[11 418 679 90 35
k5[12 406 684 91 36
k5[02 378 1005 206 75
k5[16 348 705 101 39
k5[05 487 657 78 31
k5[06 477 660 79 32
k5[18 317 718 106 41
40[07 1698 854 170 57
40[05 1641 828 162 56
40[10 1380 718 108 35
40[16 1455 752 127 43
40[17 1472 758 130 44
40[18 1490 765 134 45
40[20 1528 780 139 48
40[15 1438 745 125 42
40[11 273 1048 77 32
40[06 1669 840 164 55
40[09 1367 713 106 34
40[08 1355 707 103 34
40[01 479 1045 115 35
40[04 1616 817 157 52
40[14 1435 742 119 37
40[13 1408 733 119 40
40[02 1736 1047 90 33
40[03 1592 806 152 50
40[19 1509 773 136 45
40[12 1394 728 117 39
35[14 1550 784 171 46
35[17 1628 825 132 51
35[06 1394 691 140 42
35[11 1484 737 156 49
35[13 1526 767 116 47
35[09 1450 714 144 48
35[07 1412 696 140 46
35[15 1574 798 177 48
35[18 1658 842 122 50
35[12 1505 749 161 51
35[01 1327 658 122 34
35[16 1600 812 127 47
35[03 1355 669 125 38
35[04 1365 675 132 39
35[08 1432 706 141 46
35[02 1338 659 126 41
35[05 1382 681 132 41
35[10 1468 725 149 49
37[01 768 907 179 72
37[02 1457 646 107 29
37[03 1470 651 110 30
37[05 1499 661 117 33
37[07 1530 673 120 32
37[06 1514 667 117 32
37[04 1484 656 112 30
22[02 586 582 91 32
22[20 61 1003 197 77
22[29 1153 1042 134 38
22[08 520 594 97 36
22[26 278 647 132 38
22[09 509 598 98 36
22[03 575 585 92 31
22[18 396 622 110 37
22[01 596 580 118 34
22[04 1152 1042 137 38
22[31 198 663 148 41
22[13 462 608 132 36
22[12 474 606 125 36
22[27 263 650 134 39
22[11 486 603 101 36
22[07 532 592 95 35
22[10 497 600 100 36
22[05 554 588 93 33
22[15 436 614 104 37
22[06 543 590 103 35
22[23 1288 95 81 35
22[25 294 644 121 38
22[28 247 653 196 40
22[24 310 640 117 38
22[22 340 634 124 38
22[14 449 611 153 36
22[16 423 616 157 37
22[17 1153 1044 135 36
22[32 62 1003 199 77
22[21 354 632 119 37
22[19 382 626 120 37
22[30 214 659 143 41
k2[14 1355 775 153 48
k2[07 1226 737 140 45
k2[13 1331 770 150 47
k2[11 1283 756 148 48
k2[02 1405 785 115 47
k2[06 1193 723 134 45
k2[01 1378 780 158 50
k2[03 1432 791 123 53
k2[10 1263 750 145 46
k2[12 1308 764 147 47
k2[08 1203 730 143 45
k2[09 1251 746 135 43
k2[05 1488 807 126 51
k2[04 1458 799 123 49
33[11 1078 1047 87 33
33[01 630 992 216 88
33[16 311 642 206 32
33[02 533 559 223 60
33[17 61 1002 217 78
33[07 825 992 110 44
33[05 1289 1017 222 63
33[09 1078 1047 87 33
33[06 1077 1046 88 34
33[13 825 992 87 24
33[08 1078 1047 87 33
33[04 1128 1045 66 29
33[10 1078 1047 87 33
33[15 61 1004 224 76
33[14 244 753 148 51
33[18 254 659 195 34
33[12 1513 1014 177 66
33[03 1128 1045 65 29
14[15 1573 746 139 36
14[05 1746 1057 91 23
14[02 1736 1047 90 33
14[07 1746 1057 91 23
14[01 487 1049 96 31
14[03 1736 1047 90 33
14[13 1746 1057 91 23
14[12 510 1048 89 32
14[20 214 1039 109 41
14[09 1737 1047 89 33
14[16 1587 751 143 37
14[11 1746 1057 91 23
14[14 510 1048 89 32
14[08 1746 1057 91 23
14[04 1746 1057 91 23
14[17 1746 1057 92 23
14[06 1746 1057 91 23
14[18 1747 1057 90 23
14[10 1746 1057 91 23
14[21 1207 1017 153 63
14[19 1753 1057 73 23
k1[04 1377 668 98 33
k1[15 1516 729 122 41
k1[09 1434 693 106 35
k1[03 1367 665 95 32
k1[01 1346 658 93 31
k1[12 883 1034 161 41
k1[07 1410 682 103 34
k1[10 1446 698 109 37
k1[05 1388 672 99 34
k1[18 1562 751 130 43
k1[06 1399 677 101 34
k1[21 53 1028 147 52
k1[11 1459 704 111 38
k1[17 192 1047 110 30
k1[13 1486 716 117 40
k1[14 1501 723 119 41
k1[08 1422 687 104 35
k1[02 1356 661 94 32
k1[16 1530 737 125 41
k1[20 1596 767 136 45
k1[19 1578 759 134 44
24[21 1525 744 132 50
24[02 1317 645 93 35
24[09 1381 676 107 38
24[03 1326 648 95 36
24[27 1614 794 152 56
24[17 1473 718 122 46
24[18 1486 724 124 46
24[26 1598 787 148 55
24[08 1372 670 104 38
24[28 1631 803 154 57
24[23 1554 762 138 51
24[24 1568 769 141 53
24[06 1352 660 101 37
24[25 1583 778 144 54
24[10 1392 680 107 40
24[01 1308 642 92 34
24[14 1436 702 116 43
24[16 1461 712 119 45
24[04 1335 652 96 36
24[19 1498 730 127 48
24[07 1362 664 102 38
24[11 1402 686 109 40
24[22 1539 752 135 51
24[20 1512 738 129 48
24[12 1413 691 113 41
24[13 1424 696 114 43
24[15 1448 707 118 44
24[05 1343 656 99 36
34[07 435 692 123 43
34[14 754 993 92 41
34[09 1078 1047 86 33
34[11 1219 1048 51 28
34[08 408 700 127 45
34[06 461 684 120 42
34[10 1078 1047 86 33
34[13 247 753 151 53
34[02 552 658 108 37
34[05 439 421 107 20
34[15 126 1008 139 48
34[12 283 741 146 51
34[17 318 1050 58 23
34[16 436 1044 112 36
34[01 572 653 105 36
34[04 508 670 114 39
34[03 531 664 110 38
12[06 174 1049 98 31
12[09 836 1021 160 59
12[17 720 1042 85 32
12[05 719 1034 97 43
12[20 1146 1027 125 45
12[07 371 819 120 42
12[10 871 1037 125 43
12[21 1171 1028 100 31
12[03 871 1037 103 43
12[14 720 1042 85 32
12[18 907 1053 89 27
12[22 1050 625 62 21
12[15 903 1053 93 27
12[04 719 1034 97 43
12[11 871 1037 125 43
12[02 1130 1026 132 46
12[16 907 1053 89 27
12[01 1130 1026 132 46
12[13 836 1021 160 59
12[08 836 1018 160 62
12[19 1146 1027 126 45
12[12 871 1037 125 43
k7[22 320 829 157 55
k7[01 504 756 130 44
k7[02 496 759 130 45
k7[24 297 837 162 57
k7[19 349 816 154 53
k7[03 488 762 134 46
k7[04 481 766 132 46
k7[15 388 803 146 51
k7[14 397 800 145 51
k7[30 226 864 173 61
k7[08 449 780 139 48
k7[11 424 790 143 50
k7[05 473 770 136 46
k7[28 250 854 169 60
k7[20 340 820 155 54
k7[18 359 812 151 53
k7[17 369 809 150 52
k7[12 415 793 144 50
k7[25 286 841 163 58
k7[16 378 806 148 51
k7[07 457 776 137 48
k7[23 309 833 159 56
k7[10 433 786 141 49
k7[26 274 846 165 58
k7[06 465 773 137 47
k7[29 238 860 170 59
k7[31 214 869 175 62
k7[27 262 850 167 59
k7[32 201 875 177 62
k7[09 441 783 139 49
k7[13 406 796 144 51
k7[21 330 825 156 54
36[15 438 689 123 43
36[03 638 626 92 32
36[05 612 633 96 34
36[20 307 733 145 51
36[18 364 714 135 47
36[04 177 1050 92 30
36[19 336 723 140 49
36[01 661 618 89 32
36[10 535 656 108 38
36[02 650 622 90 32
36[12 499 669 113 39
36[16 415 697 126 44
36[21 1303 579 80 21
36[09 552 651 105 37
36[13 480 676 116 40
36[11 518 662 110 39
36[22 241 756 156 55
36[07 583 642 101 35
36[14 459 682 120 42
36[08 568 646 102 36
36[17 390 705 131 46
36[23 205 769 161 57
36[06 598 637 98 35
k6[14 308 703 137 47
k6[03 1164 1043 123 37
k6[06 463 655 113 38
k6[10 391 677 125 43
k6[13 330 696 133 45
k6[18 211 733 151 52
k6[11 371 683 128 43
k6[15 285 709 140 49
k6[08 428 666 119 40
k6[17 236 725 148 50
k6[09 410 672 121 41
k6[12 1164 1044 123 36
k6[16 261 717 144 49
k6[19 184 742 155 52
k6[01 548 633 96 34
k6[02 1163 1043 125 37
k6[04 496 646 109 36
k6[20 17 1044 67 36
k6[07 445 661 117 39
k6[05 479 650 111 38
97[01 232 1004 94 34
97[12 62 1051 93 29
97[03 1151 1056 77 18
97[10 62 1050 93 30
97[06 61 1002 224 78
97[05 1078 1044 85 36
97[13 382 1032 189 48
97[17 274 891 87 27
97[07 61 1002 224 78
97[14 26 953 74 20
97[16 274 891 122 72
97[18 1185 796 74 29
97[15 1769 185 71 39
97[04 61 1002 224 78
97[11 62 1050 93 30
97[08 61 1002 224 78
97[09 61 1050 94 30
97[20 1649 217 129 65
97[19 875 640 91 20
97[02 1599 1048 114 32
84[23 903 1054 93 26
84[10 470 775 125 49
84[01 1423 604 202 65
84[04 1777 989 95 36
84[21 308 853 147 58
84[12 444 788 130 51
84[06 507 726 210 94
84[14 416 802 136 53
84[22 288 861 151 59
84[07 496 731 214 95
84[20 327 845 144 56
84[09 462 741 234 99
84[02 1777 989 95 36
84[15 367 778 276 108
84[19 335 838 151 59
84[16 386 816 154 55
84[11 458 781 127 50
84[08 486 735 217 97
84[05 1639 1056 87 24
84[03 537 715 200 90
84[17 370 824 145 56
84[13 431 795 132 52
84[18 353 831 148 58
88[12 2 410 113 33
88[11 34 410 107 33
88[09 90 378 97 32
88[03 1423 707 146 45
88[14 1387 194 62 46
88[06 166 382 85 29
88[10 63 377 100 32
88[02 1409 700 144 45
88[01 1395 696 133 43
88[15 1387 199 62 40
88[04 1436 712 149 46
88[08 118 380 91 30
88[07 143 381 88 31
88[05 189 383 81 28
88[13 0 373 85 34
90[19 299 761 171 52
90[13 427 709 148 45
90[08 511 679 135 39
90[09 495 684 138 40
90[18 320 751 167 50
90[23 186 804 151 60
90[17 344 740 162 50
90[01 605 644 119 37
90[12 445 702 146 44
90[03 581 655 123 36
90[20 273 772 139 53
90[05 554 664 128 38
90[21 246 782 142 55
90[15 391 723 155 47
90[16 370 733 158 47
90[04 569 660 124 36
90[06 541 669 129 38
90[02 594 650 120 36
90[24 153 816 156 61
90[14 408 716 151 46
90[10 480 690 139 41
90[11 463 696 142 42
90[22 217 794 147 57
90[07 526 674 132 39
95[12 591 785 178 47
95[05 730 719 148 36
95[09 661 751 164 42
95[19 963 983 130 34
95[14 533 812 190 48
95[04 744 711 144 36
95[07 699 734 155 38
95[18 385 877 217 55
95[21 0 1034 80 41
95[17 427 859 209 54
95[10 640 762 168 43
95[08 680 742 159 40
95[06 715 726 151 38
95[20 74 1008 50 30
95[03 756 704 141 35
95[01 779 689 134 34
95[02 768 697 137 34
95[15 502 827 195 50
95[13 564 799 183 47
95[11 616 773 173 43
95[16 466 841 202 53
83[18 266 866 146 56
83[20 222 886 153 59
83[04 489 770 108 43
83[01 523 756 103 40
83[14 344 831 132 51
83[11 393 810 124 48
83[17 287 857 142 55
83[15 326 840 135 52
83[13 361 823 130 51
83[06 464 780 112 44
83[10 408 803 122 48
83[09 423 797 119 47
83[08 437 791 117 46
83[19 244 876 150 58
83[03 501 766 106 41
83[07 451 785 114 45
83[16 307 848 139 53
83[05 477 775 110 43
83[12 377 816 127 50
83[02 512 761 105 41
93[20 163 696 120 44
93[07 351 644 94 34
93[12 289 662 103 37
93[01 853 1034 174 46
93[17 215 682 113 42
93[03 393 631 89 33
93[08 339 648 96 34
93[18 198 687 116 42
93[13 965 860 79 35
93[04 0 424 91 34
93[14 965 860 78 35
93[15 247 674 108 39
93[09 978 996 187 84
93[11 303 658 101 36
93[16 231 678 111 40
93[10 316 655 98 35
93[02 257 1047 87 33
93[22 125 706 125 46
93[21 1771 1046 61 34
93[19 181 692 118 42
93[06 524 425 72 26
93[05 372 637 92 33
98[17 1590 706 110 39
98[03 1386 628 79 28
98[18 1610 714 115 41
98[11 1486 664 95 33
98[20 1656 731 122 44
98[07 1432 644 86 31
98[15 1552 690 104 37
98[08 1445 648 87 32
98[13 1517 675 99 35
98[05 1408 636 82 30
98[10 1472 658 92 32
98[12 1502 670 96 34
98[04 1397 632 80 28
98[16 1570 698 108 38
98[02 1376 623 77 27
98[14 1534 682 102 36
98[01 1366 618 76 28
98[06 1420 640 84 30
98[19 1633 722 118 43
98[09 1161 1056 67 18
92[07 244 692 137 40
92[10 198 706 144 43
92[01 323 667 125 37
92[12 164 718 150 44
92[05 272 683 132 39
92[11 181 712 147 43
92[14 127 731 156 47
92[02 317 669 117 39
92[06 259 687 134 41
92[03 298 675 129 37
92[09 214 701 142 41
92[04 285 679 131 38
92[13 146 725 153 45
92[08 230 696 139 41
85[02 1639 1056 88 24
85[19 264 874 151 56
85[05 592 736 99 40
85[14 1424 604 193 63
85[16 356 835 136 51
85[09 1424 605 193 62
85[04 608 729 96 39
85[15 383 820 131 54
85[01 1641 1056 85 24
85[07 558 752 104 42
85[10 1424 605 193 62
85[06 576 744 101 41
85[17 327 847 141 53
85[11 1424 604 193 63
85[18 297 860 145 55
85[13 1424 604 193 63
85[03 624 722 93 38
85[08 1423 604 194 63
85[12 1424 604 193 63
91[17 1604 813 143 47
91[15 1556 788 132 44
91[19 1661 842 153 51
91[02 1345 683 95 31
91[06 1398 708 102 35
91[13 1513 767 125 41
91[18 1632 826 147 48
91[20 1692 859 160 53
91[16 1580 799 136 46
91[03 1705 1039 83 29
91[10 1458 739 114 38
91[12 1494 756 120 40
91[08 1427 723 107 36
91[05 1384 701 99 35
91[14 1534 776 128 43
91[09 1442 730 110 38
91[11 1475 748 117 39
91[01 1335 677 90 32
91[04 1370 695 98 33
91[07 1412 715 104 36
81[04 538 765 117 45
81[20 1318 955 67 25
81[21 855 973 95 28
81[07 1424 604 192 62
81[13 400 832 143 55
81[16 1423 604 193 61
81[15 1423 604 193 61
81[17 1423 604 193 61
81[12 418 824 139 53
81[11 436 816 136 53
81[05 1424 604 192 62
81[09 468 801 131 50
81[03 550 759 115 45
81[14 380 840 146 57
81[22 855 973 95 28
81[01 573 750 111 43
81[06 1424 604 192 62
81[10 452 808 134 52
81[02 562 754 113 44
81[08 1424 604 192 62
81[19 846 974 115 34
81[18 291 881 160 56
99[03 1693 943 117 44
99[01 1290 712 181 51
99[12 1269 617 145 36
99[09 368 903 71 31
99[04 1068 729 170 55
99[10 1324 615 114 31
99[11 1268 924 105 31
99[13 318 895 78 24
99[02 1224 716 171 53
99[08 817 730 229 94
99[06 1001 735 173 54
99[07 876 726 237 93
99[05 1023 728 168 59
99[14 318 895 78 23
89[14 588 608 121 45
89[21 539 624 133 50
89[17 436 66 164 43
89[09 297 111 86 38
89[01 1773 1050 51 30
89[18 427 61 173 44
89[13 470 88 160 41
89[02 548 128 134 35
89[20 548 620 129 50
89[11 485 97 157 40
89[05 529 117 144 36
89[08 508 107 151 39
89[12 587 605 132 44
89[03 768 933 424 144
89[19 554 618 129 49
89[06 1151 1053 76 19
89[10 282 110 84 35
89[15 453 77 167 43
89[07 1750 1050 82 30
89[22 532 628 133 51
89[16 575 616 124 41
89[04 1621 1019 126 52
01[01 1506 676 104 36
01[05 1571 700 116 42
01[03 1537 686 110 40
01[02 1521 680 107 38
01[06 1589 709 120 43
01[07 1608 715 124 46
01[15 1492 670 102 36
01[08 1628 724 127 46
01[11 1697 750 141 51
01[09 1650 732 131 48
01[13 1750 776 151 52
01[12 1723 761 145 52
01[04 1553 693 113 40
01[14 1478 665 99 36
01[10 1673 741 135 49
94[07 375 644 97 33
94[16 238 688 116 39
94[15 255 682 115 38
94[14 273 675 111 39
94[03 423 629 89 31
94[01 1591 1048 124 32
94[20 157 710 130 46
94[21 135 717 133 47
94[05 400 636 92 32
94[18 199 696 123 44
94[11 321 661 104 36
94[08 363 648 97 34
94[17 219 691 120 42
94[12 305 665 107 38
94[10 335 656 102 36
94[06 388 640 94 33
94[04 411 632 91 32
94[02 433 625 88 31
94[19 179 703 126 45
94[13 289 670 109 38
94[09 349 651 100 35
00[16 212 770 149 53
00[15 242 759 144 51
00[17 181 782 154 55
00[12 321 730 132 47
00[13 296 739 136 48
00[07 432 694 114 40
00[01 539 659 99 35
00[18 147 796 160 57
00[02 522 664 101 36
00[06 451 688 111 39
00[10 369 714 123 44
00[08 412 700 117 42
00[11 345 722 128 45
00[03 505 670 103 36
00[04 488 676 106 36
00[14 270 749 139 49
00[09 391 707 120 43
00[05 470 682 108 37
96[06 1435 697 115 36
96[03 1378 675 107 32
96[09 1500 721 124 39
96[01 1344 662 103 31
96[05 1415 689 112 35
96[11 1548 740 131 40
96[02 1360 668 106 32
96[10 1524 730 126 39
96[08 1478 713 120 37
96[04 1396 683 110 33
96[12 1574 749 134 41
96[07 1456 705 117 36
86[04 1421 624 91 33
86[16 1542 674 137 43
86[21 1623 706 153 49
86[17 1557 680 139 44
86[03 1413 620 89 33
86[01 1396 613 87 31
86[19 1589 692 145 47
86[13 1501 658 129 39
86[12 1489 653 126 39
86[07 1448 634 96 35
86[18 1572 686 143 45
86[15 1527 668 134 42
86[06 1439 631 93 34
86[11 1478 649 124 39
86[10 1467 645 122 37
86[02 1404 617 96 32
86[05 1430 626 92 35
86[20 1605 699 149 48
86[14 1514 663 131 40
86[08 1458 638 106 35
86[09 1468 641 108 36
87[15 252 704 126 44
87[09 340 678 111 38
87[17 217 719 132 44
87[12 299 691 117 39
87[19 179 728 137 47
87[05 389 660 103 37
87[08 353 672 109 39
87[03 411 652 99 35
87[06 378 664 105 38
87[18 199 722 134 46
87[10 327 682 113 38
87[14 268 698 123 44
87[16 235 710 129 44
87[01 431 644 96 34
87[21 137 742 145 52
87[11 313 686 115 39
87[04 400 656 101 36
87[13 284 692 120 44
87[02 421 648 98 35
87[20 158 735 141 49
87[07 366 668 107 37
82[09 427 773 135 51
82[16 314 814 151 57
82[05 482 755 127 47
82[15 332 808 148 56
82[17 295 821 154 57
82[23 541 736 120 40
82[20 236 842 163 61
82[10 412 779 137 51
82[03 507 747 124 46
82[02 519 743 122 45
82[07 455 763 131 49
82[12 382 790 142 52
82[18 276 828 157 58
82[21 215 849 166 62
82[11 397 784 140 52
82[01 530 739 121 42
82[19 256 835 160 59
82[06 469 759 129 48
82[14 349 802 146 54
82[04 494 751 126 47
82[22 552 732 118 40
82[13 366 796 144 53
82[08 442 768 132 50
